Zip	Tested	Positive Cases	Deaths
53142	145	8	N/A
60002	549	68	N/A
60004	2416	205	N/A
60005	734	113	N/A
60007	877	181	N/A
60008	898	200	N/A
60010	749	72	N/A
60012	238	68	N/A
60013	409	63	N/A
60014	1020	130	N/A
60015	790	137	N/A
60016	2671	792	N/A
60018	1274	379	N/A
60020	268	25	N/A
60021	100	16	N/A
60022	239	23	N/A
60025	1472	256	N/A
60026	503	107	N/A
60030	916	123	N/A
60031	1245	219	N/A
60033	410	100	N/A
60035	1102	180	N/A
60040	229	88	N/A
60041	209	33	N/A
60042	160	20	N/A
60043	106	14	N/A
60044	379	70	N/A
60045	648	103	N/A
60046	809	135	N/A
60047	767	140	N/A
60048	633	88	N/A
60050	814	146	N/A
60051	547	72	N/A
60053	946	214	N/A
60056	1683	428	N/A
60060	1058	295	N/A
60061	617	125	N/A
60062	1587	235	N/A
60064	948	471	N/A
60067	946	119	N/A
60068	1070	242	N/A
60069	267	52	N/A
60070	502	139	N/A
60071	73	7	N/A
60073	1955	589	N/A
60074	1091	244	N/A
60076	1708	364	N/A
60077	1425	296	N/A
60079	32	10	N/A
60081	204	32	N/A
60083	322	72	N/A
60084	367	130	N/A
60085	4098	1750	N/A
60087	1493	461	N/A
60088	87	42	N/A
60089	889	155	N/A
60090	1465	435	N/A
60091	906	120	N/A
60093	744	115	N/A
60096	176	23	N/A
60097	253	31	N/A
60098	911	236	N/A
60099	1236	378	N/A
60101	1595	511	N/A
60102	603	81	N/A
60103	1045	176	N/A
60104	1120	318	N/A
60106	1252	371	N/A
60107	1415	377	N/A
60108	1329	162	N/A
60109	273	11	N/A
60110	1032	366	N/A
60112	114	17	N/A
60115	872	88	N/A
60118	312	43	N/A
60119	247	23	N/A
60120	1992	759	N/A
60123	1614	442	N/A
60124	442	62	N/A
60126	1377	186	N/A
60130	842	98	N/A
60131	916	249	N/A
60133	1556	452	N/A
60134	619	99	N/A
60135	172	23	N/A
60136	176	33	N/A
60137	871	106	N/A
60139	1399	385	N/A
60140	401	57	N/A
60141	218	8	N/A
60142	663	54	N/A
60143	516	113	N/A
60146	47	8	N/A
60148	1410	222	N/A
60151	94	12	N/A
60152	262	49	N/A
60153	1421	330	N/A
60154	935	146	N/A
60155	463	130	N/A
60156	607	89	N/A
60157	58	10	N/A
60160	1518	479	N/A
60162	478	110	N/A
60163	262	65	N/A
60164	1587	341	N/A
60165	309	128	N/A
60169	969	254	N/A
60171	462	80	N/A
60172	671	152	N/A
60173	245	57	N/A
60174	1099	104	N/A
60175	568	59	N/A
60176	437	101	N/A
60177	615	170	N/A
60178	392	29	N/A
60181	887	168	N/A
60185	1622	476	N/A
60187	807	84	N/A
60188	1525	354	N/A
60189	700	63	N/A
60190	398	28	N/A
60191	510	129	N/A
60192	299	33	N/A
60193	891	156	N/A
60194	495	85	N/A
60195	87	12	N/A
60201	1839	255	N/A
60202	1589	280	N/A
60203	188	23	N/A
60301	135	18	N/A
60302	1336	168	N/A
60304	615	61	N/A
60305	380	36	N/A
60401	297	34	N/A
60402	3700	975	N/A
60403	802	133	N/A
60404	685	84	N/A
60406	1417	330	N/A
60408	126	13	N/A
60409	2136	418	N/A
60410	353	32	N/A
60411	3373	664	N/A
60415	539	149	N/A
60417	715	116	N/A
60418	316	70	N/A
60419	1495	277	N/A
60420	76	6	N/A
60421	95	9	N/A
60422	528	73	N/A
60423	780	110	N/A
60425	667	107	N/A
60426	1831	344	N/A
60428	926	160	N/A
60429	1254	183	N/A
60430	1129	221	N/A
60431	1000	135	N/A
60432	870	231	N/A
60433	726	200	N/A
60434	160	151	N/A
60435	2517	497	N/A
60436	880	142	N/A
60438	1397	268	N/A
60439	602	69	N/A
60440	2595	634	N/A
60441	953	161	N/A
60442	242	31	N/A
60443	1389	281	N/A
60445	741	118	N/A
60446	1797	352	N/A
60447	369	32	N/A
60448	567	102	N/A
60449	421	59	N/A
60450	349	27	N/A
60451	679	82	N/A
60452	972	145	N/A
60453	2256	540	N/A
60455	1001	235	N/A
60456	189	36	N/A
60457	408	96	N/A
60458	577	96	N/A
60459	1176	292	N/A
60461	317	46	N/A
60462	1189	207	N/A
60463	583	162	N/A
60464	261	35	N/A
60465	612	175	N/A
60466	1796	414	N/A
60467	679	128	N/A
60468	140	24	N/A
60469	277	45	N/A
60471	866	172	N/A
60472	363	53	N/A
60473	1609	305	N/A
60475	404	58	N/A
60476	111	14	N/A
60477	1138	180	N/A
60478	1511	264	N/A
60480	187	27	N/A
60481	264	19	N/A
60482	358	70	N/A
60484	430	97	N/A
60487	718	101	N/A
60490	751	118	N/A
60491	573	107	N/A
60501	570	191	N/A
60502	504	62	N/A
60503	314	45	N/A
60504	1060	215	N/A
60505	2976	1185	N/A
60506	2720	666	N/A
60510	696	69	N/A
60513	934	115	N/A
60514	332	35	N/A
60515	601	66	N/A
60516	684	87	N/A
60517	1004	159	N/A
60520	56	8	N/A
60521	740	171	N/A
60523	442	82	N/A
60525	1441	206	N/A
60526	729	59	N/A
60527	1263	185	N/A
60532	667	86	N/A
60534	505	114	N/A
60538	800	186	N/A
60540	1021	89	N/A
60542	583	85	N/A
60543	857	170	N/A
60544	974	122	N/A
60545	503	107	N/A
60546	1012	109	N/A
60548	319	47	N/A
60551	66	17	N/A
60552	83	6	N/A
60554	288	26	N/A
60555	457	86	N/A
60558	382	31	N/A
60559	1060	249	N/A
60560	463	60	N/A
60561	753	86	N/A
60563	1096	122	N/A
60564	905	104	N/A
60565	874	146	N/A
60585	527	57	N/A
60586	1480	240	N/A
60601	529	64	N/A
60602	101	12	N/A
60604	74	15	N/A
60605	1114	148	N/A
60606	357	40	N/A
60607	1435	368	N/A
60608	4378	1255	N/A
60609	3514	1170	N/A
60610	1473	191	N/A
60611	1680	115	N/A
60612	2794	521	N/A
60613	1639	320	N/A
60614	2855	425	N/A
60615	2085	307	N/A
60616	2248	332	N/A
60617	4382	768	N/A
60618	3632	847	N/A
60619	3883	727	N/A
60620	4085	888	N/A
60621	1741	420	N/A
60622	2257	469	N/A
60623	5724	2397	N/A
60624	2434	626	N/A
60625	3327	984	N/A
60626	2787	738	N/A
60628	3641	832	N/A
60629	5990	2173	N/A
60630	2461	556	N/A
60631	1669	202	N/A
60632	5070	2106	N/A
60633	1355	209	N/A
60634	4820	1016	N/A
60636	1760	536	N/A
60637	3033	466	N/A
60638	3445	825	N/A
60639	6001	2285	N/A
60640	3057	630	N/A
60641	3557	958	N/A
60642	789	115	N/A
60643	3212	588	N/A
60644	3554	875	N/A
60645	3065	817	N/A
60646	1589	273	N/A
60647	3664	924	N/A
60649	3003	607	N/A
60651	3749	1162	N/A
60652	2360	647	N/A
60653	2093	398	N/A
60654	700	117	N/A
60655	1625	206	N/A
60656	1365	191	N/A
60657	2229	269	N/A
60659	1809	543	N/A
60660	1366	305	N/A
60661	318	32	N/A
60706	1534	256	N/A
60707	2632	581	N/A
60712	628	132	N/A
60714	1858	573	N/A
60803	906	184	N/A
60804	5703	2037	N/A
60805	787	184	N/A
60827	1365	262	N/A
60901	1924	357	N/A
60911	40	6	N/A
60912	23	6	N/A
60914	946	102	N/A
60915	426	40	N/A
60919	20	6	N/A
60922	96	11	N/A
60927	125	43	N/A
60928	14	7	N/A
60950	586	59	N/A
60954	307	21	N/A
60955	42	10	N/A
60958	77	18	N/A
60964	138	22	N/A
60970	168	10	N/A
61008	1061	237	N/A
61010	139	7	N/A
61012	42	9	N/A
61016	177	21	N/A
61021	697	62	N/A
61032	630	120	N/A
61054	105	6	N/A
61061	138	7	N/A
61064	65	9	N/A
61065	234	20	N/A
61068	840	117	N/A
61071	189	26	N/A
61072	227	21	N/A
61073	413	34	N/A
61080	201	26	N/A
61081	320	57	N/A
61084	39	6	N/A
61088	136	6	N/A
61101	1102	156	N/A
61102	923	143	N/A
61103	1189	146	N/A
61104	804	163	N/A
61107	1207	113	N/A
61108	1132	198	N/A
61109	983	153	N/A
61111	683	61	N/A
61114	506	62	N/A
61115	611	60	N/A
61201	758	156	N/A
61235	52	8	N/A
61240	96	9	N/A
61241	131	15	N/A
61244	513	140	N/A
61252	60	13	N/A
61254	232	8	N/A
61264	211	19	N/A
61265	945	174	N/A
61270	104	7	N/A
61275	65	9	N/A
61282	170	34	N/A
61341	250	30	N/A
61342	123	16	N/A
61350	341	16	N/A
61354	214	6	N/A
61356	182	6	N/A
61401	990	70	N/A
61410	63	6	N/A
61443	244	16	N/A
61455	467	47	N/A
61462	464	95	N/A
61469	66	6	N/A
61525	187	6	N/A
61554	914	19	N/A
61603	666	23	N/A
61604	1011	24	N/A
61605	521	16	N/A
61610	117	6	N/A
61611	577	18	N/A
61614	774	46	N/A
61615	637	21	N/A
61701	1107	41	N/A
61704	876	26	N/A
61705	336	9	N/A
61761	1029	38	N/A
61764	233	11	N/A
61801	638	25	N/A
61802	808	44	N/A
61820	732	55	N/A
61821	999	48	N/A
61822	739	31	N/A
61832	640	18	N/A
61853	400	11	N/A
61866	903	99	N/A
61874	236	11	N/A
61910	173	6	N/A
61920	546	46	N/A
61938	477	18	N/A
61953	159	11	N/A
62002	429	76	N/A
62010	105	12	N/A
62012	60	6	N/A
62018	48	6	N/A
62024	77	7	N/A
62025	513	106	N/A
62034	196	55	N/A
62035	147	18	N/A
62040	484	67	N/A
62052	80	13	N/A
62056	172	12	N/A
62060	62	17	N/A
62062	161	7	N/A
62069	73	8	N/A
62088	211	6	N/A
62090	16	9	N/A
62095	119	16	N/A
62201	74	13	N/A
62203	148	26	N/A
62204	146	33	N/A
62205	186	37	N/A
62206	329	74	N/A
62207	142	52	N/A
62208	221	46	N/A
62220	234	87	N/A
62221	320	73	N/A
62223	185	42	N/A
62226	552	103	N/A
62230	108	7	N/A
62231	276	75	N/A
62232	70	8	N/A
62233	345	89	N/A
62234	351	43	N/A
62236	124	38	N/A
62237	190	6	N/A
62239	37	11	N/A
62246	130	6	N/A
62249	126	10	N/A
62254	107	24	N/A
62257	53	8	N/A
62258	90	14	N/A
62265	232	27	N/A
62269	322	61	N/A
62272	125	44	N/A
62274	108	9	N/A
62278	118	15	N/A
62285	38	7	N/A
62286	213	30	N/A
62288	154	32	N/A
62293	63	8	N/A
62294	141	16	N/A
62295	17	7	N/A
62298	181	38	N/A
62301	1563	21	N/A
62305	151	15	N/A
62353	202	6	N/A
62441	59	6	N/A
62448	260	36	N/A
62454	121	8	N/A
62471	137	17	N/A
62521	727	92	N/A
62522	171	26	N/A
62526	392	30	N/A
62560	36	6	N/A
62565	82	10	N/A
62568	290	26	N/A
62618	469	55	N/A
62629	373	12	N/A
62650	536	27	N/A
62656	490	10	N/A
62664	93	10	N/A
62675	174	6	N/A
62681	134	6	N/A
62684	340	69	N/A
62702	1203	61	N/A
62703	1049	48	N/A
62704	1118	37	N/A
62707	214	16	N/A
62711	523	19	N/A
62801	658	50	N/A
62832	254	16	N/A
62837	270	7	N/A
62864	679	82	N/A
62882	82	9	N/A
62901	691	96	N/A
62902	101	13	N/A
62906	427	48	N/A
62907	50	12	N/A
62912	36	6	N/A
62918	221	13	N/A
62920	190	54	N/A
62948	262	8	N/A
62959	632	24	N/A
62966	440	48	N/A
62992	111	32	N/A